2 2 2 2 2 2 2 2 2 2 2 2 2 2 2 2 2 2 2 2 2 2 2 2 2 2
43 7 2 11 29 7 8 13 23 4 5 9 15 12 41 6 0 9 13 12 21 1 9 4 14 2
509 147 83 176 359 79 152 116 265 45 87 169 156 183 364 153 2 204 179 216 224 45 123 40 149 35
2402 597 576 749 1900 399 560 625 1315 162 649 1203 701 1057 1644 680 29 1197 1051 1142 996 195 432 108 572 147
5803 1378 1839 1676 4897 736 1292 1589 3312 248 1103 2796 1633 2783 3315 1480 98 3558 2885 2733 2300 544 746 239 1859 308
10902 2746 4022 3737 11909 1416 2763 2910 7498 379 1625 6285 3391 6682 6479 3102 164 7878 5628 6061 4814 986 1320 377 2721 441
16508 3930 6787 5892 17818 2351 4448 4464 13578 423 2214 10001 5101 10763 10521 5035 312 12047 9384 10088 7036 1496 1911 551 3740 684
22119 5093 9579 8749 26273 3274 5610 6197 20294 422 2905 14674 7721 16095 16626 7031 391 17062 14236 14546 9492 2338 2535 698 5083 869
25431 5473 12553 9877 32199 3542 6166 7936 25749 420 2690 16923 9309 19989 20691 9092 503 21071 17977 19280 11220 2711 2462 989 6178 1196
26133 5485 13923 10001 33415 3349 6503 8524 27678 345 2085 17993 9989 21676 23090 10495 498 22514 18606 20814 11886 2842 1937 953 6934 1112
24122 4631 13940 8383 29875 2851 5744 8219 26553 245 1288 16188 9091 20718 22075 10364 449 20875 17419 19990 10958 2608 1203 939 6495 919
20566 3664 12243 6631 24787 2235 4723 7179 23097 178 717 13958 7561 18256 19793 9138 412 17450 15788 17681 9531 2187 598 711 5641 819
16404 2801 9980 4737 19093 1680 3415 5532 18948 140 405 10975 5941 14650 16090 7592 326 13525 12829 14264 7233 1706 301 555 4345 740
11431 1871 6968 3247 13391 1077 2337 4005 13326 64 174 7781 4003 10525 11433 5326 273 9428 9597 10306 5063 1078 162 349 3040 455
7554 1192 4575 1943 8520 626 1483 2781 8630 44 116 5028 2681 6809 7688 3650 140 6151 6196 6686 3028 675 73 198 2068 339
4546 711 2894 1118 5220 300 864 1812 5075 18 41 3093 1579 4132 4797 2283 73 3779 3745 4140 1799 392 31 113 1309 168
2573 383 1698 642 2894 125 484 1086 2949 13 32 1678 903 2365 2870 1329 35 2129 2123 2442 954 202 14 56 729 113
1237 172 865 321 1422 67 245 611 1390 7 17 796 441 1041 1502 703 20 1108 1017 1201 430 102 3 25 369 44
716 80 477 152 710 32 151 373 744 1 2 474 247 561 830 370 3 530 498 660 212 42 2 12 215 38
322 43 239 74 351 10 83 200 350 4 1 245 112 256 438 185 3 280 197 321 90 20 0 6 112 18
132 18 107 37 146 2 38 92 145 2 0 110 50 113 214 74 0 103 99 138 37 2 0 2 53 8
56 5 60 21 79 0 14 52 66 1 0 45 37 51 129 44 1 60 47 68 19 3 0 3 39 2
34 4 21 11 33 3 7 27 34 0 0 27 14 21 44 21 0 20 22 31 7 0 0 1 9 0
9 0 7 4 9 2 2 11 11 0 0 10 2 3 16 8 0 5 4 9 1 0 0 1 5 1
